21: 0 0 3 6 6 8 2 13 10 10 13 2 2 8 6 6 3 5 5 3 0
22: 1 10 13 2 8 6 6 6 3 5 5 3 0 0 3 6 8 2 2 13 10 1
21: 2 13 10 10 13 2 8 6 6 6 3 5 5 3 0 0 3 6 8 2 2
21: 3 6 6 8 2 13 10 10 13 2 2 8 6 6 3 5 5 3 0 0 3
22: 4 6 6 8 2 13 10 10 13 2 2 8 6 3 5 5 3 0 0 3 6 4
21: 5 5 3 6 6 8 2 13 10 10 13 2 2 8 6 6 3 0 0 3 5
21: 6 6 8 2 13 10 10 13 2 2 8 6 6 3 5 5 3 0 0 3 6
22: 7 2 13 10 10 13 2 8 6 6 6 3 5 5 3 0 0 3 6 8 2 7
21: 8 6 6 6 3 5 5 3 0 0 3 6 8 2 13 10 10 13 2 2 8
22: 9 0 3 6 6 8 2 13 10 10 13 2 2 8 6 6 3 5 5 3 0 9
21: 10 13 2 8 6 6 6 3 5 5 3 0 0 3 6 8 2 2 13 10 10
22: 11 6 8 2 13 10 10 13 2 2 8 6 6 3 5 5 3 0 0 3 6 11
22: 12 5 3 6 6 8 2 13 10 10 13 2 2 8 6 6 3 0 0 3 5 12
21: 13 10 10 13 2 8 6 6 6 3 5 5 3 0 0 3 6 8 2 2 13
