1
2
6
0
15
0
50
1
1
12
13
49
1
3
63
18
0
11
0
0
70
0
48
1
1
13
0
51
26
0
1
2
28
73
1
0
31
18
39
2
6
8
17
9
82
39
14
2
15
2
25
0
31
15
0
0
18
0
0
0
34
28
0
14
0
1
0
155
1
1
0
0
0
19
1
2
2
2
9
0
0
46
29
2
0
21
0
34
23
3
0
0
0
2
0
11
1
15
25
3
0
63
1
3
0
0
23
2
2
0
86
2
3
0
0
7
0
0
7
0
0
107
0
86
12
0
0
1
0
0
0
3
0
1
0
0
0
4
4
1
112
0
1
0
3
28
6
31
6
17
29
1
89
3
20
4
40
2
8
3
16
0
0
0
6
34
0
0
3
0
23
30
2
27
0
5
2
1
0
0
0
15
19
82
5
2
1
0
70
46
0
1
2
0
0
18
0
1
0
0
12
0
1
0
2
15
29
0
2
9
82
10
94
7
1
25
126
22
36
112
0
3
27
0
6
9
1
1
1
26
3
10
0
2
1
2
4
4
19
2
44
2
1
34
55
0
68
0
0
0
0
89
1
3
0
13
4
4
3
2
10
0
0
0
30
70
12
0
0
0
3
30
0
14
0
35
2
16
0
0
0
13
10
0
0
2
1
0
0
0
4
0
6
0
1
2
0
0
18
56
6
0
0
15
14
5
7
1
46
0
12
15
0
34
58
0
0
0
0
6
0
1
7
105
6
0
0
1
18
0
13
0
0
3
1
39
0
17
0
0
0
101
0
0
0
130
9
33
0
0
0
5
0
20
39
60
15
0
0
15
32
21
5
0
0
0
48
0
8
2
0
1
13
0
11
43
18
11
1
8
1
0
2
16
0
48
0
8
0
1
2
0
5
4
1
1
13
5
7
1
0
73
0
0
0
0
7
0
0
1
0
1
4
1
0
0
2
0
5
9
0
3
1
2
0
130
0
10
0
2
8
3
8
0
0
57
1
4
0
22
27
0
0
18
10
66
1
5
19
14
30
0
27
61
75
3
9
17
0
50
70
0
11
0
0
0
4
13
2
0
26
0
0
1
183
11
11
0
1
2
3
0
5
12
71
1
16
1
62
1
0
0
8
4
0
2
21
21
35
0
56
3
0
3
106
0
29
0
6
1
0
0
0
2
8
11
16
0
70
0
0
6
9
13
0
3
0
25
1
3
0
0
0
13
2
0
3
2
6
2
18
0
13
1
0
0
55
0
17
53
2
0
28
0
0
1
2
0
19
25
1
23
16
6
54
117
13
68
36
7
10
1
10
0
0
17
0
2
0
1
18
0
18
0
2
39
4
103
53
1
0
1
0
0
16
1
1
2
8
1
68
0
26
3
6
42
1
0
1
0
27
39
5
7
4
0
76
0
0
20
2
1
1
16
15
3
0
0
8
1
7
2
0
0
1
0
2
0
0
0
0
4
0
30
0
4
0
1
0
20
0
2
3
8
0
2
6
1
0
1
4
0
6
0
0
6
